     2   0.561E-02  1024    48   100
     3   0.274E-02  1024    48   100
     4   0.209E-02  1024    48   100
     5   0.178E-02  1024    48   100
     6   0.194E-02  1024    48   100
     7   0.121E-02  1024    48   100
     8   0.116E-02  1024    48   100
     9   0.124E-02  1024    48   100
    10   0.151E-02  1024    48   100
    11   0.186E-02  1024    48   100
    12   0.150E-02  1024    48   100
    13   0.176E-02  1024    48   100
    14   0.183E-02  1024    48   100
    15   0.188E-02  1024    48   100
    16   0.110E-02  1024    48   100
    17   0.164E-02  1024    48   100
    18   0.162E-02  1024    48   100
    19   0.179E-02  1024    48   100
    20   0.174E-02  1024    48   100
    21   0.208E-02  1024    48   100
    22   0.176E-02  1024    48   100
    23   0.170E-02  1024    48   100
    24   0.151E-02  1024    48   100
