     2   0.161E-01  1024   192   100
     3   0.101E-01  1024   192   100
     4   0.773E-02  1024   192   100
     5   0.640E-02  1024   192   100
     6   0.545E-02  1024   192   100
     7   0.461E-02  1024   192   100
     8   0.433E-02  1024   192   100
     9   0.417E-02  1024   192   100
    10   0.421E-02  1024   192   100
    11   0.333E-02  1024   192   100
    12   0.343E-02  1024   192   100
    13   0.242E-02  1024   192   100
    14   0.236E-02  1024   192   100
    15   0.292E-02  1024   192   100
    16   0.245E-02  1024   192   100
    17   0.204E-02  1024   192   100
    18   0.236E-02  1024   192   100
    19   0.242E-02  1024   192   100
    20   0.242E-02  1024   192   100
    21   0.299E-02  1024   192   100
    22   0.242E-02  1024   192   100
    23   0.200E-02  1024   192   100
    24   0.237E-02  1024   192   100
    25   0.259E-02  1024   192   100
    26   0.332E-02  1024   192   100
    27   0.297E-02  1024   192   100
    28   0.250E-02  1024   192   100
    29   0.242E-02  1024   192   100
    30   0.205E-02  1024   192   100
    31   0.222E-02  1024   192   100
    32   0.174E-02  1024   192   100
    33   0.200E-02  1024   192   100
    34   0.226E-02  1024   192   100
    35   0.179E-02  1024   192   100
    36   0.186E-02  1024   192   100
    37   0.215E-02  1024   192   100
    38   0.212E-02  1024   192   100
    39   0.216E-02  1024   192   100
    40   0.219E-02  1024   192   100
    41   0.188E-02  1024   192   100
    42   0.173E-02  1024   192   100
    43   0.230E-02  1024   192   100
    44   0.179E-02  1024   192   100
    45   0.249E-02  1024   192   100
    46   0.182E-02  1024   192   100
    47   0.225E-02  1024   192   100
    48   0.205E-02  1024   192   100
