     2   0.577E-01  1024   768   100
     3   0.376E-01  1024   768   100
     4   0.302E-01  1024   768   100
     5   0.245E-01  1024   768   100
     6   0.202E-01  1024   768   100
     7   0.177E-01  1024   768   100
     8   0.160E-01  1024   768   100
     9   0.143E-01  1024   768   100
    10   0.131E-01  1024   768   100
    11   0.125E-01  1024   768   100
    12   0.107E-01  1024   768   100
    13   0.100E-01  1024   768   100
    14   0.927E-02  1024   768   100
    15   0.885E-02  1024   768   100
    16   0.947E-02  1024   768   100
    17   0.884E-02  1024   768   100
    18   0.737E-02  1024   768   100
    19   0.718E-02  1024   768   100
    20   0.688E-02  1024   768   100
    21   0.698E-02  1024   768   100
    22   0.618E-02  1024   768   100
    23   0.641E-02  1024   768   100
    24   0.602E-02  1024   768   100
    25   0.895E-02  1024   768   100
    26   0.899E-02  1024   768   100
    27   0.668E-02  1024   768   100
    28   0.641E-02  1024   768   100
    29   0.535E-02  1024   768   100
    30   0.545E-02  1024   768   100
    31   0.551E-02  1024   768   100
    32   0.471E-02  1024   768   100
    33   0.465E-02  1024   768   100
    34   0.568E-02  1024   768   100
    35   0.415E-02  1024   768   100
    36   0.460E-02  1024   768   100
    37   0.457E-02  1024   768   100
    38   0.488E-02  1024   768   100
    39   0.449E-02  1024   768   100
    40   0.426E-02  1024   768   100
    41   0.406E-02  1024   768   100
    42   0.404E-02  1024   768   100
    43   0.404E-02  1024   768   100
    44   0.396E-02  1024   768   100
    45   0.388E-02  1024   768   100
    46   0.360E-02  1024   768   100
    47   0.398E-02  1024   768   100
    48   0.359E-02  1024   768   100
