     2   0.228E-02  1024     8   100
     3   0.130E-02  1024    12   100
     4   0.178E-02  1024    16   100
     5   0.109E-02  1024    20   100
     6   0.151E-02  1024    24   100
     7   0.148E-02  1024    28   100
     8   0.937E-03  1024    32   100
     9   0.146E-02  1024    36   100
    10   0.132E-02  1024    40   100
    11   0.152E-02  1024    44   100
    12   0.145E-02  1024    48   100
    13   0.147E-02  1024    52   100
    14   0.142E-02  1024    56   100
    15   0.150E-02  1024    60   100
    16   0.134E-02  1024    64   100
    17   0.181E-02  1024    68   100
    18   0.102E-02  1024    72   100
    19   0.143E-02  1024    76   100
    20   0.184E-02  1024    80   100
    21   0.150E-02  1024    84   100
    22   0.152E-02  1024    88   100
    23   0.195E-02  1024    92   100
    24   0.197E-02  1024    96   100
    25   0.301E-02  1024   100   100
    26   0.248E-02  1024   104   100
    27   0.224E-02  1024   108   100
    28   0.227E-02  1024   112   100
    29   0.197E-02  1024   116   100
    30   0.225E-02  1024   120   100
    31   0.223E-02  1024   124   100
    32   0.162E-02  1024   128   100
    33   0.179E-02  1024   132   100
    34   0.210E-02  1024   136   100
    35   0.183E-02  1024   140   100
    36   0.222E-02  1024   144   100
    37   0.236E-02  1024   148   100
    38   0.215E-02  1024   152   100
    39   0.182E-02  1024   156   100
    40   0.227E-02  1024   160   100
    41   0.188E-02  1024   164   100
    42   0.230E-02  1024   168   100
    43   0.206E-02  1024   172   100
    44   0.228E-02  1024   176   100
    45   0.199E-02  1024   180   100
    46   0.190E-02  1024   184   100
    47   0.211E-02  1024   188   100
    48   0.216E-02  1024   192   100
