     2   0.115E-01  1024   128   100
     3   0.101E-01  1024   192   100
     4   0.105E-01  1024   256   100
     5   0.106E-01  1024   320   100
     6   0.112E-01  1024   384   100
     7   0.118E-01  1024   448   100
     8   0.106E-01  1024   512   100
     9   0.108E-01  1024   576   100
    10   0.107E-01  1024   640   100
    11   0.116E-01  1024   704   100
    12   0.108E-01  1024   768   100
    13   0.108E-01  1024   832   100
    14   0.108E-01  1024   896   100
    15   0.113E-01  1024   960   100
    16   0.107E-01  1024  1024   100
    17   0.115E-01  1024  1088   100
    18   0.109E-01  1024  1152   100
    19   0.119E-01  1024  1216   100
    20   0.113E-01  1024  1280   100
    21   0.117E-01  1024  1344   100
    22   0.110E-01  1024  1408   100
    23   0.112E-01  1024  1472   100
    24   0.118E-01  1024  1536   100
    25   0.160E-01  1024  1600   100
    26   0.169E-01  1024  1664   100
    27   0.155E-01  1024  1728   100
    28   0.125E-01  1024  1792   100
    29   0.139E-01  1024  1856   100
    30   0.121E-01  1024  1920   100
    31   0.122E-01  1024  1984   100
    32   0.116E-01  1024  2048   100
    33   0.114E-01  1024  2112   100
    34   0.115E-01  1024  2176   100
    35   0.115E-01  1024  2240   100
    36   0.121E-01  1024  2304   100
    37   0.124E-01  1024  2368   100
    38   0.115E-01  1024  2432   100
    39   0.115E-01  1024  2496   100
    40   0.116E-01  1024  2560   100
    41   0.126E-01  1024  2624   100
    42   0.124E-01  1024  2688   100
    43   0.118E-01  1024  2752   100
    44   0.117E-01  1024  2816   100
    45   0.115E-01  1024  2880   100
    46   0.115E-01  1024  2944   100
    47   0.115E-01  1024  3008   100
    48   0.124E-01  1024  3072   100
