     2   0.385E-01  1024   512   100
     3   0.375E-01  1024   768   100
     4   0.376E-01  1024  1024   100
     5   0.394E-01  1024  1280   100
     6   0.394E-01  1024  1536   100
     7   0.402E-01  1024  1792   100
     8   0.401E-01  1024  2048   100
     9   0.525E-01  1024  2304   100
    10   0.564E-01  1024  2560   100
    11   0.483E-01  1024  2816   100
    12   0.528E-01  1024  3072   100
    13   0.820E-01  1024  3328   100
    14   0.748E-01  1024  3584   100
    15   0.105E+00  1024  3840   100
    16   0.108E+00  1024  4096   100
    17   0.130E+00  1024  4352   100
    18   0.156E+00  1024  4608   100
    19   0.171E+00  1024  4864   100
    20   0.237E+00  1024  5120   100
    21   0.250E+00  1024  5376   100
    22   0.280E+00  1024  5632   100
    23   0.287E+00  1024  5888   100
    24   0.292E+00  1024  6144   100
    25   0.308E+00  1024  6400   100
    26   0.286E+00  1024  6656   100
    27   0.278E+00  1024  6912   100
    28   0.283E+00  1024  7168   100
    29   0.339E+00  1024  7424   100
    30   0.305E+00  1024  7680   100
    31   0.283E+00  1024  7936   100
    32   0.292E+00  1024  8192   100
    33   0.285E+00  1024  8448   100
    34   0.281E+00  1024  8704   100
    35   0.273E+00  1024  8960   100
    36   0.295E+00  1024  9216   100
    37   0.279E+00  1024  9472   100
    38   0.285E+00  1024  9728   100
    39   0.282E+00  1024  9984   100
    40   0.279E+00  1024 10240   100
    41   0.292E+00  1024 10496   100
    42   0.298E+00  1024 10752   100
    43   0.292E+00  1024 11008   100
    44   0.293E+00  1024 11264   100
    45   0.294E+00  1024 11520   100
    46   0.292E+00  1024 11776   100
    47   0.288E+00  1024 12032   100
    48   0.278E+00  1024 12288   100
